15036125766
15036126388
15036127099
15036127966
15036128099
15036128399
15036130199
15036130299
15036132099
15036132599
15036132699
15036132788
15036132799
15036132866
15036135388
15036136099
15036137588
15036139566
15036150966
15036176099
15225052929
15225067070
15225067676
15225069191
15225069292
15225070101
15225070202
15225070505
15225071212
15225071313
15225073737
15225073838
15225075151
15225075757
15225077676
15225078282
15225079393
15225080101
15225081212
15225081919
15225087171
15225087575
15225093838
15225097272
15225099595
15225103131
15225103232
15225116565
15225118383
15225137171
15238310202
15238311515
15238312626
15238312727
15238332525
15238335252
15238336565
15238338787
15238359797
13613815099
15036121366
15036122388
15036122766
15036123099
15036123188
15036123866
15238030011
15238031100
15238032200
15238038822
15238057700
15238059933
15238063355
15238065533
15238082233
15238087755
15238097733
15238305533
15238306611
15238310033
15238335151
15238336060
15238337070
15238339090
15238339191
15238360055
15238367722
15238329900
15238329922
15238333636
15238336363
15238353311
15238353322
15238356622
15238356633
15238357700
15238359922
15238361155
15238363355
15238365511
15238367711
18838096444
18838097444
18838120444
18838121444
18838125444
18838260444
18838261444
18838262444
18838270444
18838271444
18838272444
18838273444
18838275444
18838276444
15238351515
15238352525
15238357575
15238359955
15238359977
15093484333
15225094000
15225094333
18838254222
13608694222
13673664222
13673694222
15136418222
15136450222
15225145000
18838004111
18838148333
18838149000
18838149111
18838149222
18838149333
15238328877
15238358855
15138942111
15286849111
13643843777
13643848777
15803800222
18703667222
15038265558
18439878787
15225151333
15936238666
15938724567
15036074567
15093104567
15838022345
15036132345
15038282345
15036152345
18703802345
15138952345
15136182345
15838131234
18790291234
15981921234
15890631234
15286823456
15738888876
15093299996
13733820008
15188380009
15038140001
15038240001
13598883337
13598888860
15238659000
13676932000
13783586222
13783689222
18737126555
13937141555
15803710666
13838370666
13783680666
17839990666
18860368666
18860387666
18838929777
18838928777
18838253777
18768860777
18703612777
13653822777
15093376777
13526859777
18838077999
13526669222
13837120888
18838205888
15093380000
13837191111
15837193333
13503713333
18838964444
18790285555
18838105555
18738176666
18237187777
15286828888
18838211661
13703860599
13703861066
13703861566
13703867266
13703925699
13703926199
13703926899
13703933788
13703951066
13703952766
13703955766
13703955899
13703982399
13703985399
15738399666
18838162666
13598881777
13523000006
15138937777
15838055555
13837119999
15238035656
15238037878
15736727878
15736737878
15093117755
13523456824
13721402234
13837152697
13837152701
13837152730
13837152732
13837152737
13837152739
13837152751
13837152760
13837152763
13837152803
13837152831
13837152973
13837153067
13837153097
13837153193
13837153201
13837153291
13837153301
13837153397
13938568253
13938568703
13938589532
13938590350
13938591072
15003877790
15003888312
15003999532
15003999753
15036028338
15036188873
15038277791
15093238778
15093255755
15136277792
15138666107
15138908778
15138999235
15138999503
15138999650
15138999753
15225089089
15225099973
15225119779
15225177735
15238066603
15238339779
15238366623
15238366637
15238377750
15238377792
15238666037
15238666080
15238666701
15238666793
15286800031
15729399920
15729399978
15736766605
15736766639
15738509889
15938777501
15938777833
18203977731
18203977732
18203977759
18203977765
18236788835
18236911991
18237177736
18336377758
18337177725
18339296007
18439800060
18736055538
18736077725
18738198558
18838922203
18838922297
13937135792
13937135932
13937188203
13937188532
13937188720
13937189920
13937190232
13937190253
13937190262
13937190275
13937190295
13937190536
13937190562
13937190653
13937190765
13937190773
13937190782
13937190952
13937199038
13937199065
15038363266
15038368366
15038368599
15038368799
15038369066
15038369266
15038369766
15038372366
15038372699
15038372766
15038372788
15038372799
15038372866
15038373866
15038375066
15837177705
15837177725
15837177735
15837177752
15838199932
15838199957
15838199962
15838288835
15838288850
15838288893
18837120307
13837152552
13937190370
13937190382
15838297890
15936253168
15936297890
18837122209
18837122219
18837122259
18837122260
18837122270
18837122285
18837122287
18837122290
18837122293
13837195113
15238353377
15238363377
15238608877
15238610099
15238620707
15238625577
15713803377
15738303377
18339207878
18339280606
18339280909
18339287878
18339297878
13938577723
18339200606
18339200909
18339206969
15238617766
15713808989
15093206969
15238627799
15093151688
15093181688
13849099996
13700884388
13673677774
13619840731
13619841023
13619840314
13619840318
13619840330
13619840401
13619840715
13619840721
13619840911
13619841215
13673663344
15003999974
13683832424
15038195519
15038195521
13938555651
13838138593
13700887571
13592499369
15237151151
15138903903
15093226060
15093219090
15093218383
15093217676
15093216363
15093215959
15093135522
15093128181
15093060022
15039077676
15036029911
18336355575
15890633393
15286812315
18339266626
15938766636
15713866616
15713866676
15093288838
15138688838
15290899969
15093199959
18336399929
15136299919
15093177797
15936277787
15290877767
18339211101
13592600071
15038200010
18337100050
18337100030
15188398686
15290897788
15238331100
15138663966
18237111171
18237111179
15038111135
15890111103
18236777792
15238600083
18236900019
18337100037
18339222252
15225055755
18339255123
18239997123
15237111123
18838297567
13673387678
13523719789
13938422234
15824822234
15736789234
15103717030
15103717028
15103712196
18803712125
18803710130
15238383865
15238383861
15238383807
15238383806
15038383871
15038383862
15038383865
15238383829
18860386038
15936203620
18300683006
15890658906
18336000026
15890000637
15238305000
18237165222
15838125000
15890611222
15903619111
13673398666
13838575777
13938251777
13526710999
18838190999
13523433333
13663807777
18236767777
18768888889
18838218888
18339255555
18300687888
13903814999
13838293222
13460226789
13523037888
13526880888
13613811188
13663817333
13674952345
13676913333
13783681666
13803711141
13803712444
13803717189
13838523333
13849173666
13937112777
13938493000
13938526666
15093333888
15103717789
15136115555
15136424333
15188333338
15188356789
15203713377
15225141111
15225141414
15237111777
15237177773
15249674000
15290415555
15294630000
15713717171
15713833333
15738888885
15738888887
15838210006
15890115555
15890617000
15903717770
15981976666
18236799999
18239993999
18339816666
18403715555
18439999946
18736042345
18749450123
18768891111
18790265666
18803716118
18838076777
18838900666
18839782888
18803719169
18768882888
18339286555
13803710350
18703683222
18439991777
15103712888
18439929666
13903719512
15093391999
15138957788
15713685556
15713830606
15713830808
15713830909
15713852929
15713857676
15713857979
15713862828
15838339888
15981927788
18838000009
18837178999
15890175678
14737115678
15138926789
14737116789
15093446789
13938578788
18300699996
13903711394
13903716072
15138966866
15738889888
15038282888
15803802777
18339912777
13838528666
15138685666
15038286555
18703810555
15736730555
13653869333
13783670333
15738335333
15003875333
13525536222
15137199222
18739927222
15093276222
18239960222
13653810111
13783716111
18838982111
18838263111
18838209111
18838257111
18838223111
15093203111
15038063111
13623803000
18837189000
18838273000
18838269000
18860375000
15890000055
15738888844
13938433338
15713871118
18236971118
15238629997
15713858883
15713868883
15713718882
15713858882
15713858881
15713718880
15238676663
15238676662
15738893339
15729383338
13608670066
13838523300
13676936655
18703686868
15713858585
13523461234
15093451234
15936231234
15838061234
15838021234
13643844384
15737124999
13783449777
13460234777
13460405777
18749451777
15290424777
13721445666
13949047666
18749488666
18237154666
18703824666
15136474666
13673628444
18838075444
13603842444
15837108444
15837107444
15138958444
15138919444
13592431333
13613842333
13523473222
13523074222
15738864222
18203974111
15737134000
15729364000
13949030001
13949040001
13939040003
15230889388
15238669866
15238668366
17837123459
17837123458
17837123457
15838101234
13410123345
15729382666
18703656688
15137185588
18838137000
18860326555
13653829292
13838513232
13838528765
15038103811
15713693168
15736783679
15737118518
15737188518
17839911114
18237133334
15093211011
15188355355
13837153713
15093177774
15738386168
18703677774
18739933373
18837138138
18838903369
15137189992
18860377168
15003877707
15003877797
15036077797
17839992123
18738192939
18837132168
13523013939
13523073939
13525557369
15037162636
15093077787
15203713691
15238088884
17839911168
17839977707
17839977727
17839977737
17839977757
17839977787
17839977797
18339990168
18838259993
18838265557
18838900070
18838988369
15238699909
15736799939
13783567123
18839789123
13523001006
15713899929
18838900010
13592538686
13592638686
15736781166
15737177977
18803977377
18803977737
18837133383
18838177277
18838177377
13937187575
15225088858
18838120120
15038199989
18803977077
18803977577
18803977877
18838177577
13849198765
13937125444
13937126444
13937130444
13526733331
18703634777
13938530808
13526720088
13676920088
15003899993
15093266663
13653857778
13803839997
13837129990
13937159993
15038366678
18838998765
15137139988
15803719339
13803717444
13683833737
13938528866
18237133713
18837100010
18838202020
15238083808
13903713444
13903717444
17839999099
17839999399
18803719168
17839999899
18736045678
13663832222
17837126168
17837126345
17837126369
17837126456
17837126520
17837126521
17837126886
17837127001
17837127008
17837127110
17837127168
17837127345
17837127369
17837127456
17837127520